376 7778804220120654420924631668091
377 5973303871796437264595936954237
378 11243132307156301763663607287294
379 161870983573549868804425756301179
380 10462825184429793014317942235516
381 12870452058086999925869938534781
382 33595253716498387794413412981758
383 540148968489634107903617360993663
384 347602760349418009297709548536219
385 327295190388354179623724094491095
386 13244365243698813468350652166046
387 17088927744279024569389598842319
388 1379978640683593021393172825519
389 4171959526360182919803787001674199
390 1967924476778959819324408694516718
391 1407678907549820296859900034849791
392 2149910863290282683111595748554173
393 8221905832123087594889003885519
394 26940132483154282770968897574794
395 70422314661266035686410669061023
396 7350984493848874781629926017999
397 7282852096749166908452220090055597
398 358644756463853013270803607289823
399 1463367633345557449307696345739199
400 58305842808280308870124770403739
